0	0
10	0
20	0
30	0
40	0
50	0
60	0
70	0
80	0
90	0
100	0
110	0
120	0
130	0
140	0
150	0
160	0
170	0
180	0
190	0
200	0
210	0
220	0
230	0
240	0
250	0
260	0
270	0
280	0
290	0
300	0
310	0
320	0
330	0
340	0
350	0
360	0
370	0
380	0
390	0
400	0
410	0
420	0
430	0
440	0
450	0
460	0
470	0
480	0
490	0
500	0
510	0
520	0
530	0
540	0
550	0
560	0
570	0
580	0
590	0
600	0
610	0
620	0
630	0
640	0
650	0
660	0
670	0
680	0
690	0
700	0
710	0
720	0
730	0
740	0
750	0
760	0
770	0
780	0
790	0
800	0
810	0
820	0
830	0
840	0
850	0
860	0
870	0
880	0
890	0
900	0
910	0
920	0
930	0
940	0
950	0
960	0
970	0
980	0
990	0
1000	0
1010	0
1020	0
1030	0
1040	0
1050	0
1060	0
1070	0
1080	0
1090	0
1100	0
1110	0
1120	0
1130	0
1140	0
1150	0
1160	0
1170	0
1180	0
1190	0
1200	0
1210	0
1220	0
1230	0
1240	0
1250	0
1260	0
1270	0
1280	0
1290	0
1300	0
1310	0
1320	0
1330	0
1340	0
1350	0
1360	0
1370	0
1380	0
1390	0
1400	0
1410	0
1420	0
1430	0
1440	0
1450	0
1460	0
1470	0
1480	0
1490	0
1500	0
1510	0
1520	0
1530	0
1540	0
1550	0
1560	0
1570	0
1580	0
1590	0
1600	0
1610	0
1620	0
1630	0
1640	0
1650	0
1660	0
1670	0
1680	0
1690	0
1700	0
1710	0
1720	0
1730	0
1740	0
1750	0
1760	0
1770	0
1780	0
1790	0
1800	0
1810	0
1820	0
1830	0
1840	0
1850	0
1860	0
1870	0
1880	0
1890	0
1900	0
1910	0
1920	0
1930	0
1940	0
1950	0
1960	0
1970	0
1980	0
1990	0
2000	0
2010	0
2020	0
2030	0
2040	0
2050	0
2060	0
2070	0
2080	0
2090	0
2100	0
2110	0
2120	0
2130	0
2140	0
2150	0
2160	0
2170	0
2180	0
2190	0
2200	0
2210	0
2220	0
2230	0
2240	0
2250	0
2260	0
2270	0
2280	0
2290	0
2300	0
2310	0
2320	0
2330	0
2340	0
2350	0
2360	0
2370	0
2380	0
2390	0
2400	0
2410	0
2420	0
2430	0
2440	0
2450	0
2460	0
2470	0
2480	0
2490	0
2500	0
2510	0
2520	0
2530	0
2540	0
2550	0
2560	0
2570	0
2580	0
2590	0
2600	0
2610	0
2620	0
2630	0
2640	0
2650	0
2660	0
2670	0
2680	0
2690	0
2700	0
2710	0
2720	0
2730	0
2740	0
2750	0
2760	0
2770	0
2780	0
2790	0
2800	0
2810	0
2820	0
2830	0
2840	0
2850	0
2860	0
2870	0
2880	0
2890	0
2900	0
2910	0
2920	0
2930	0
2940	0
2950	0
2960	0
2970	0
2980	0
2990	0
3000	0
3010	0
3020	0
3030	0
3040	0
3050	0
3060	0
3070	0
3080	0
3090	0
3100	0
3110	0
3120	0
3130	0
3140	0
3150	0
3160	0
3170	0
3180	0
3190	0
3200	0
3210	0
3220	0
3230	0
3240	0
3250	0
3260	0
3270	0
3280	0
3290	0
3300	0
3310	0
3320	0
3330	0
3340	0
3350	0
3360	0
3370	0
3380	0
3390	0
3400	0
3410	0
3420	0
3430	0
3440	0
3450	0
3460	0
3470	0
3480	0
3490	0
3500	0
3510	0
3520	0
3530	0
3540	0
3550	0
3560	0
3570	0
3580	0
3590	0
3600	0
3610	0
3620	0
3630	0
3640	0
3650	0
3660	0
3670	0
3680	0
3690	0
3700	0
3710	0
3720	0
3730	0
3740	0
3750	0
3760	0
3770	0
3780	0
3790	0
3800	0
3810	0
3820	0
3830	0
3840	0
3850	0
3860	0
3870	0
3880	0
3890	0
3900	0
3910	0
3920	0
3930	0
3940	0
3950	0
3960	0
3970	0
3980	0
3990	0
4000	0
4010	0
4020	0
4030	0
4040	0
4050	0
4060	0
4070	0
4080	0
4090	0
4100	0
4110	0
4120	0
4130	0
4140	0
4150	0
4160	0
4170	0
4180	0
4190	0
4200	0
4210	0
4220	0
4230	0
4240	0
4250	0
4260	0
4270	0
4280	0
4290	0
4300	0
4310	0
4320	0
4330	0
4340	0
4350	0
4360	0
4370	0
4380	0
4390	0
4400	0
4410	0
4420	0
4430	0
4440	0
4450	0
4460	0
4470	0
4480	0
4490	0
4500	0
4510	0
4520	0
4530	0
4540	0
4550	0
4560	0
4570	0
4580	0
4590	0
4600	0
4610	0
4620	0
4630	0
4640	0
4650	0
4660	0
4670	0
4680	0
4690	0
4700	0
4710	0
4720	0
4730	0
4740	0
4750	0
4760	0
4770	0
4780	0
4790	0
4800	0
4810	0
4820	0
4830	0
4840	0
4850	0
4860	0
4870	0
4880	0
4890	0
4900	0
4910	0
4920	0
4930	0
4940	0
4950	0
4960	0
4970	0
4980	0
4990	0
5000	0
5010	0
5020	0
5030	0
5040	0
5050	0
5060	0
5070	0
5080	0
5090	0
5100	0
5110	0
5120	0
5130	0
5140	0
5150	0
5160	0
5170	0
5180	0
5190	0
5200	0
5210	0
5220	0
5230	0
5240	0
5250	0
5260	0
5270	0
5280	0
5290	0
5300	0
5310	0
5320	0
5330	0
5340	0
5350	0
5360	0
5370	0
5380	0
5390	0
5400	0
5410	0
5420	0
5430	0
5440	0
5450	0
5460	0
5470	0
5480	0
5490	0
5500	0
5510	0
5520	0
5530	0
5540	0
5550	0
5560	0
5570	0
5580	0
5590	0
5600	0
5610	0
5620	0
5630	0
5640	0
5650	0
5660	0
5670	0
5680	0
5690	0
5700	0
5710	0
5720	0
5730	0
5740	0
5750	0
5760	0
5770	0
5780	0
5790	0
5800	0
5810	0
5820	0
5830	0
5840	0
5850	0
5860	0
5870	0
5880	0
5890	0
5900	0
5910	0
5920	0
5930	0
5940	0
5950	0
5960	0
5970	0
5980	0
5990	0
6000	0
6010	0
6020	0
6030	0
6040	0
6050	0
6060	0
6070	0
6080	0
6090	0
6100	0
6110	0
6120	0
6130	0
6140	0
6150	0
6160	0
6170	0
6180	0
6190	0
6200	0
6210	0
6220	0
6230	0
6240	0
6250	0
6260	0
6270	0
6280	0
6290	0
6300	0
6310	0
6320	0
6330	0
6340	0
6350	0
6360	0
6370	0
6380	0
6390	0
6400	0
6410	0
6420	0
6430	0
6440	0
6450	0
6460	0
6470	0
6480	0
6490	0
6500	0
6510	0
6520	0
6530	0
6540	0
6550	0
6560	0
6570	0
6580	0
6590	0
6600	0
6610	0
6620	0
6630	0
6640	0
6650	0
6660	0
6670	0
6680	0
6690	0
6700	0
6710	0
6720	0
6730	0
6740	0
6750	0
6760	0
6770	0
6780	0
6790	0
6800	0
6810	0
6820	0
6830	0
6840	0
6850	0
6860	0
6870	0
6880	0
6890	0
6900	0
6910	0
6920	0
6930	0
6940	0
6950	0
6960	0
6970	0
6980	0
6990	0
7000	0
7010	0
7020	0
7030	0
7040	0
7050	0
7060	0
7070	0
7080	0
7090	0
7100	0
7110	0
7120	0
7130	0
7140	0
7150	0
7160	0
7170	0
7180	0
7190	0
7200	0
7210	0
7220	0
7230	0
7240	0
7250	0
7260	0
7270	0
7280	0
7290	0
7300	0
7310	0
7320	0
7330	0
7340	0
7350	0
7360	0
7370	0
7380	0
7390	0
7400	0
7410	0
7420	0
7430	0
7440	0
7450	0
7460	0
7470	0
7480	0
7490	0
7500	0
7510	0
7520	0
7530	0
7540	0
7550	0
7560	0
7570	0
7580	0
7590	0
7600	0
7610	0
7620	0
7630	0
7640	0
7650	0
7660	0
7670	0
7680	0
7690	0
7700	0
7710	0
7720	0
7730	0
7740	0
7750	0
7760	0
7770	0
7780	0
7790	0
7800	0
7810	0
7820	0
7830	0
7840	0
7850	0
7860	0
7870	0
7880	0
7890	0
7900	0
7910	0
7920	0
7930	0
7940	0
7950	0
7960	0
7970	0
7980	0
7990	0
8000	0
8010	0
8020	0
8030	0
8040	0
8050	0
8060	0
8070	0
8080	0
8090	0
8100	0
8110	0
8120	0
8130	0
8140	0
8150	0
8160	0
8170	0
8180	0
8190	0
8200	0
8210	0
8220	0
8230	0
8240	0
8250	0
8260	0
8270	0
8280	0
8290	0
8300	0
8310	0
8320	0
8330	0
8340	0
8350	0
8360	0
8370	0
8380	0
8390	0
8400	0
8410	0
8420	0
8430	0
8440	0
8450	0
8460	0
8470	0
8480	0
8490	0
8500	0
8510	0
8520	0
8530	0
8540	0
8550	0
8560	0
8570	0
8580	0
8590	0
8600	0
8610	0
8620	0
8630	0
8640	0
8650	0
8660	0
8670	0
8680	0
8690	0
8700	0
8710	0
8720	0
8730	0
8740	0
8750	0
8760	0
8770	0
8780	0
8790	0
8800	0
8810	0
8820	0
8830	0
8840	0
8850	0
8860	0
8870	0
8880	0
8890	0
8900	0
8910	0
8920	0
8930	0
8940	0
8950	0
8960	0
8970	0
8980	0
8990	0
9000	0
9010	0
9020	0
9030	0
9040	0
9050	0
9060	0
9070	0
9080	0
9090	0
9100	0
9110	0
9120	0
9130	0
9140	0
9150	0
9160	0
9170	0
9180	0
9190	0
9200	0
9210	0
9220	0
9230	0
9240	0
9250	0
9260	0
9270	0
9280	0
9290	0
9300	0
9310	0
9320	0
9330	0
9340	0
9350	0
9360	0
9370	0
9380	0
9390	0
9400	0
9410	0
9420	0
9430	0
9440	0
9450	0
9460	0
9470	0
9480	0
9490	0
9500	0
9510	0
9520	0
9530	0
9540	0
9550	0
9560	0
9570	0
9580	0
9590	0
9600	0
9610	0
9620	0
9630	0
9640	0
9650	0
9660	0
9670	0
9680	0
9690	0
9700	0
9710	0
9720	0
9730	0
9740	0
9750	0
9760	0
9770	0
9780	0
9790	0
9800	0
9810	0
9820	0
9830	0
9840	0
9850	0
9860	0
9870	0
9880	0
9890	0
9900	0
9910	0
9920	0
9930	0
9940	0
9950	0
9960	0
9970	0
9980	0
9990	0
10000	0
10010	0
10020	0
10030	0
10040	0
10050	0
10060	0
10070	0
10080	0
10090	0
10100	0
10110	0
10120	0
10130	0
10140	0
10150	0
10160	0
10170	0
10180	0
10190	0
10200	0
10210	0
10220	0
10230	0
10240	0
10250	0
10260	0
10270	0
10280	0
10290	0
10300	0
10310	0
10320	0
10330	0
10340	0
10350	0
10360	0
10370	0
10380	0
10390	0
10400	0
10410	0
10420	0
10430	0
10440	0
10450	0
10460	0
10470	0
10480	0
10490	0
10500	0
10510	0
10520	0
10530	0
10540	0
10550	0
10560	0
10570	0
10580	0
10590	0
10600	0
10610	0
10620	0
10630	0
10640	0
10650	0
10660	0
10670	0
10680	0
10690	0
10700	0
10710	0
10720	0
10730	0
10740	0
10750	0
10760	0
10770	0
10780	0
10790	0
10800	0
10810	0
10820	0
10830	0
10840	0
10850	0
10860	0
10870	0
10880	0
10890	0
10900	0
10910	0
10920	0
10930	0
10940	0
10950	0
10960	0
10970	0
10980	0
10990	0
11000	0
11010	0
11020	0
11030	0
11040	0
11050	0
11060	0
11070	0
11080	0
11090	0
11100	0
11110	0
11120	0
11130	0
11140	0
11150	0
11160	0
11170	0
11180	0
11190	0
11200	0
11210	0
11220	0
11230	0
11240	0
11250	0
11260	0
11270	0
11280	0
11290	0
11300	0
11310	0
11320	0
11330	0
11340	0
11350	0
11360	0
11370	0
11380	0
11390	0
11400	0
11410	0
11420	0
11430	0
11440	0
11450	0
11460	0
11470	0
11480	0
11490	0
11500	0
11510	0
11520	0
11530	0
11540	0
11550	0
11560	0
11570	0
11580	0
11590	0
11600	0
11610	0
11620	0
11630	0
11640	0
11650	0
11660	0
11670	0
11680	0
11690	0
11700	0
11710	0
11720	0
11730	0
11740	0
11750	0
11760	0
11770	0
11780	0
11790	0
11800	0
11810	0
11820	0
11830	0
11840	0
11850	0
11860	0
11870	0
11880	0
11890	0
11900	0
11910	0
11920	0
11930	0
11940	0
11950	0
11960	0
11970	0
11980	0
11990	0
12000	0
12010	0
12020	0
12030	0
12040	0
12050	0
12060	0
12070	0
12080	0
12090	0
12100	0
12110	0
12120	0
12130	0
12140	0
12150	0
12160	0
12170	0
12180	0
12190	0
12200	0
12210	0
12220	0
12230	0
12240	0
12250	0
12260	0
12270	0
12280	0
12290	0
12300	0
12310	0
12320	0
12330	0
12340	0
12350	0
12360	0
12370	0
12380	0
12390	0
12400	0
12410	0
12420	0
12430	0
12440	0
12450	0
12460	0
12470	0
12480	0
12490	0
12500	0
12510	0
12520	0
12530	0
12540	0
12550	0
12560	0
12570	0
12580	0
12590	0
12600	0
12610	0
12620	0
12630	0
12640	0
12650	0
12660	0
12670	0
12680	0
12690	0
12700	0
12710	0
12720	0
12730	0
12740	0
12750	0
12760	0
12770	0
12780	0
12790	0
12800	0
12810	0
12820	0
12830	0
12840	0
12850	0
12860	0
12870	0
12880	0
12890	0
12900	0
12910	0
12920	0
12930	0
12940	0
12950	0
12960	0
12970	0
12980	0
12990	0
13000	0
13010	0
13020	0
13030	0
13040	0
13050	0
13060	0
13070	0
13080	0
13090	0
13100	0
13110	0
13120	0
13130	0
13140	0
13150	0
13160	0
13170	0
13180	0
13190	0
13200	0
13210	0
13220	0
13230	0
13240	0
13250	0
13260	0
13270	0
13280	0
13290	0
13300	0
13310	0
13320	0
13330	0
13340	0
13350	0
13360	0
13370	0
13380	0
13390	0
13400	0
13410	0
13420	0
13430	0
13440	0
13450	0
13460	0
13470	0
13480	0
13490	0
13500	0
13510	0
13520	0
13530	0
13540	0
13550	0
13560	0
13570	0
13580	0
13590	0
13600	0
13610	0
13620	0
13630	0
13640	0
13650	0
13660	0
13670	0
13680	0
13690	0
13700	0
13710	0
13720	0
13730	0
13740	0
13750	0
13760	0
13770	0
13780	0
13790	0
13800	0
13810	0
13820	0
13830	0
13840	0
13850	0
13860	0
13870	0
13880	0
13890	0
13900	0
13910	0
13920	0
13930	0
13940	0
13950	0
13960	0
13970	0
13980	0
13990	0
14000	0
14010	0
14020	0
14030	0
14040	0
14050	0
14060	0
14070	0
14080	0
14090	0
14100	0
14110	0
14120	0
14130	0
14140	0
14150	0
14160	0
14170	0
14180	0
14190	0
14200	0
14210	0
14220	0
14230	0
14240	0
14250	0
14260	0
14270	0
14280	0
14290	0
14300	0
14310	0
14320	0
14330	0
14340	0
14350	0
14360	0
14370	0
14380	0
14390	0
14400	0
14410	0
14420	0
14430	0
14440	0
14450	0
14460	0
14470	0
14480	0
14490	0
14500	0
14510	0
14520	0
14530	0
14540	0
14550	0
14560	0
14570	0
14580	0
14590	0
14600	0
14610	0
14620	0
14630	0
14640	0
14650	0
14660	0
14670	0
14680	0
14690	0
14700	0
14710	0
14720	0
14730	0
14740	0
14750	0
14760	0
14770	0
14780	0
14790	0
14800	0
14810	0
14820	0
14830	0
14840	0
14850	0
14860	0
14870	0
14880	0
14890	0
14900	0
14910	0
14920	0
14930	0
14940	0
14950	0
14960	0
14970	0
14980	0
14990	0
15000	0
15010	0
15020	0
15030	0
15040	0
15050	0
15060	0
15070	0
15080	0
15090	0
15100	0
15110	0
15120	0
15130	0
15140	0
15150	0
15160	0
15170	0
15180	0
15190	0
15200	0
15210	0
15220	0
15230	0
15240	0
15250	0
15260	0
15270	0
15280	0
15290	0
15300	0
15310	0
15320	0
15330	0
15340	0
15350	0
15360	0
15370	0
15380	0
15390	0
15400	0
15410	0
15420	0
15430	0
15440	0
15450	0
15460	0
15470	0
15480	0
15490	0
15500	0
15510	0
15520	0
15530	0
15540	0
15550	0
15560	0
15570	0
15580	0
15590	0
15600	0
15610	0
15620	0
15630	0
15640	0
15650	0
15660	0
15670	0
15680	0
15690	0
15700	0
15710	0
15720	0
15730	0
15740	0
15750	0
15760	0
15770	0
15780	0
15790	0
15800	0
15810	0
15820	0
15830	0
15840	0
15850	0
15860	0
15870	0
15880	0
15890	0
15900	0
15910	0
15920	0
15930	0
15940	0
15950	0
15960	0
15970	0
15980	0
15990	0
16000	0
16010	0
16020	0
16030	0
16040	0
16050	0
16060	0
16070	0
16080	0
16090	0
16100	0
16110	0
16120	0
16130	0
16140	0
16150	0
16160	0
16170	0
16180	0
16190	0
16200	0
16210	0
16220	0
16230	0
16240	0
16250	0
16260	0
16270	0
16280	0
16290	0
16300	0
16310	0
16320	0
16330	0
16340	0
16350	0
16360	0
16370	0
16380	0
16390	0
16400	0
16410	0
16420	0
16430	0
16440	0
16450	0
16460	0
16470	0
16480	0
16490	0
16500	0
16510	0
16520	0
16530	0
16540	0
16550	0
16560	0
16570	0
16580	0
16590	0
16600	0
16610	0
16620	0
16630	0
16640	0
16650	0
16660	0
16670	0
16680	0
16690	0
16700	0
16710	0
16720	0
16730	0
16740	0
16750	0
16760	0
16770	0
16780	0
16790	0
16800	0
16810	0
16820	0
16830	0
16840	0
16850	0
16860	0
16870	0
16880	0
16890	0
16900	0
16910	0
16920	0
16930	0
16940	0
16950	0
16960	0
16970	0
16980	0
16990	0
17000	0
17010	0
17020	0
17030	0
17040	0
17050	0
17060	0
17070	0
17080	0
17090	0
17100	0
17110	0
17120	0
17130	0
17140	0
17150	0
17160	0
17170	0
17180	0
17190	0
17200	0
17210	0
17220	0
17230	0
17240	0
17250	0
17260	0
17270	0
17280	0
17290	0
17300	0
17310	0
17320	0
17330	0
17340	0
17350	0
17360	0
17370	0
17380	0
17390	0
17400	0
17410	0
17420	0
17430	0
17440	0
17450	0
17460	0
17470	0
17480	0
17490	0
17500	0
17510	0
17520	0
17530	0
17540	0
17550	0
17560	0
17570	0
17580	0
17590	0
17600	0
17610	0
17620	0
17630	0
17640	0
17650	0
17660	0
17670	0
17680	0
17690	0
17700	0
17710	0
17720	0
17730	0
17740	0
17750	0
17760	0
17770	0
17780	0
17790	0
17800	0
17810	0
17820	0
17830	0
17840	0
17850	0
17860	0
17870	0
17880	0
17890	0
17900	0
17910	0
17920	0
17930	0
17940	0
17950	0
17960	0
17970	0
17980	0
17990	0
18000	0
18010	0
18020	0
18030	0
18040	0
18050	0
18060	0
18070	0
18080	0
18090	0
18100	0
18110	0
18120	0
18130	0
18140	0
18150	0
18160	0
18170	0
18180	0
18190	0
18200	0
18210	0
18220	0
18230	0
18240	0
18250	0
18260	0
18270	0
18280	0
18290	0
18300	0
18310	0
18320	0
18330	0
18340	0
18350	0
18360	0
18370	0
18380	0
18390	0
18400	0
18410	0
18420	0
18430	0
18440	0
18450	0
18460	0
18470	0
18480	0
18490	0
18500	0
18510	0
18520	0
18530	0
18540	0
18550	0
18560	0
18570	0
18580	0
18590	0
18600	0
18610	0
18620	0
18630	0
18640	0
18650	0
18660	0
18670	0
18680	0
18690	0
18700	0
18710	0
18720	0
18730	0
18740	0
18750	0
18760	0
18770	0
18780	0
18790	0
18800	0
18810	0
18820	0
18830	0
18840	0
18850	0
18860	0
18870	0
18880	0
18890	0
18900	0
18910	0
18920	0
18930	0
18940	0
18950	0
18960	0
18970	0
18980	0
18990	0
19000	0
19010	0
19020	0
19030	0
19040	0
19050	0
19060	0
19070	0
19080	0
19090	0
19100	0
19110	0
19120	0
19130	0
19140	0
19150	0
19160	0
19170	0
19180	0
19190	0
19200	0
19210	0
19220	0
19230	0
19240	0
19250	0
19260	0
19270	0
19280	0
19290	0
19300	0
19310	0
19320	0
19330	0
19340	0
19350	0
19360	0
19370	0
19380	0
19390	0
19400	0
19410	0
19420	0
19430	0
19440	0
19450	0
19460	0
19470	0
19480	0
19490	0
19500	0
19510	0
19520	0
19530	0
19540	0
19550	0
19560	0
19570	0
19580	0
19590	0
19600	0
19610	0
19620	0
19630	0
19640	0
19650	0
19660	0
19670	0
19680	0
19690	0
19700	0
19710	0
19720	0
19730	0
19740	0
19750	0
19760	0
19770	0
19780	0
19790	0
19800	0
19810	0
19820	0
19830	0
19840	0
19850	0
19860	0
19870	0
19880	0
19890	0
19900	0
19910	0
19920	0
19930	0
19940	0
19950	0
19960	0
19970	0
19980	0
19990	0
20000	0
20010	0
20020	0
20030	0
20040	0
20050	0
20060	0
20070	0
20080	0
20090	0
20100	0
20110	0
20120	0
20130	0
20140	0
20150	0
20160	0
20170	0
20180	0
20190	0
20200	0
20210	0
20220	0
20230	0
20240	0
20250	0
20260	0
20270	0
20280	0
20290	0
20300	0
20310	0
20320	0
20330	0
20340	0
20350	0
20360	0
20370	0
20380	0
20390	0
20400	0
20410	0
20420	0
20430	0
20440	0
20450	0
20460	0
20470	0
20480	0
20490	0
20500	0
20510	0
20520	0
20530	0
20540	0
20550	0
20560	0
20570	0
20580	0
20590	0
20600	0
20610	0
20620	0
20630	0
20640	0
20650	0
20660	0
20670	0
20680	0
20690	0
20700	0
20710	0
20720	0
20730	0
20740	0
20750	0
20760	0
20770	0
20780	0
20790	0
20800	0
20810	0
20820	0
20830	0
20840	0
20850	0
20860	0
20870	0
20880	0
20890	0
20900	0
20910	0
20920	0
20930	0
20940	0
20950	0
20960	0
20970	0
20980	0
20990	0
21000	0
21010	0
21020	0
21030	0
21040	0
21050	0
21060	0
21070	0
21080	0
21090	0
21100	0
21110	0
21120	0
21130	0
21140	0
21150	0
21160	0
21170	0
21180	0
21190	0
21200	0
21210	0
21220	0
21230	0
21240	0
21250	0
21260	0
21270	0
21280	0
21290	0
21300	0
21310	0
21320	0
21330	0
21340	0
21350	0
21360	0
21370	0
21380	0
21390	0
21400	0
21410	0
21420	0
21430	0
21440	0
21450	0
21460	0
21470	0
21480	0
21490	0
21500	0
21510	0
21520	0
21530	0
21540	0
21550	0
21560	0
21570	0
21580	0
21590	0
21600	0
21610	0
21620	0
21630	0
21640	0
21650	0
21660	0
21670	0
21680	0
21690	0
21700	0
21710	0
21720	0
21730	0
21740	0
21750	0
21760	0
21770	0
21780	0
21790	0
21800	0
21810	0
21820	0
21830	0
21840	0
21850	0
21860	0
21870	0
21880	0
21890	0
21900	0
21910	0
21920	0
21930	0
21940	0
21950	0
21960	0
21970	0
21980	0
21990	0
22000	0
22010	0
22020	0
22030	0
22040	0
22050	0
22060	0
22070	0
22080	0
22090	0
22100	0
22110	0
22120	0
22130	0
22140	0
22150	0
22160	0
22170	0
22180	0
22190	0
22200	0
22210	0
22220	0
22230	0
22240	0
22250	0
22260	0
22270	0
22280	0
22290	0
22300	0
22310	0
22320	0
22330	0
22340	0
22350	0
22360	0
22370	0
22380	0
22390	0
22400	0
22410	0
22420	0
22430	0
22440	0
22450	0
22460	0
22470	0
22480	0
22490	0
22500	0
22510	0
22520	0
22530	0
22540	0
22550	0
22560	0
22570	0
22580	0
22590	0
22600	0
22610	0
22620	0
22630	0
22640	0
22650	0
22660	0
22670	0
22680	0
22690	0
22700	0
22710	0
22720	0
22730	0
22740	0
22750	0
22760	0
22770	0
22780	0
22790	0
22800	0
22810	0
22820	0
22830	0
22840	0
22850	0
22860	0
22870	0
22880	0
22890	0
22900	0
22910	0
22920	0
22930	0
22940	0
22950	0
22960	0
22970	0
22980	0
22990	0
23000	0
23010	0
23020	0
23030	0
23040	0
23050	0
23060	0
23070	0
23080	0
23090	0
23100	0
23110	0
23120	0
23130	0
23140	0
23150	0
23160	0
23170	0
23180	0
23190	0
23200	0
23210	0
23220	0
23230	0
23240	0
23250	0
23260	0
23270	0
23280	0
23290	0
23300	0
23310	0
23320	0
23330	0
23340	0
23350	0
23360	0
23370	0
23380	0
23390	0
23400	0
23410	0
23420	0
23430	0
23440	0
23450	0
23460	0
23470	0
23480	0
23490	0
23500	0
23510	0
23520	0
23530	0
23540	0
23550	0
23560	0
23570	0
23580	0
23590	0
23600	0
23610	0
23620	0
23630	0
23640	0
23650	0
23660	0
23670	0
23680	0
23690	0
23700	0
23710	0
23720	0
23730	0
23740	0
23750	0
23760	0
23770	0
23780	0
23790	0
23800	0
23810	0
23820	0
23830	0
23840	0
23850	0
23860	0
23870	0
23880	0
23890	0
23900	0
23910	0
23920	0
23930	0
23940	0
23950	0
23960	0
23970	0
23980	0
23990	0
24000	0
24010	0
24020	0
24030	0
24040	0
24050	0
24060	0
24070	0
24080	0
24090	0
24100	0
24110	0
24120	0
24130	0
24140	0
24150	0
24160	0
24170	0
24180	0
24190	0
24200	0
24210	0
24220	0
24230	0
24240	0
24250	0
24260	0
24270	0
24280	0
24290	0
24300	0
24310	0
24320	0
24330	0
24340	0
24350	0
24360	0
24370	0
24380	0
24390	0
24400	0
24410	0
24420	0
24430	0
24440	0
24450	0
24460	0
24470	0
24480	0
24490	0
24500	0
24510	0
24520	0
24530	0
24540	0
24550	0
24560	0
24570	0
24580	0
24590	0
24600	0
24610	0
24620	0
24630	0
24640	0
24650	0
24660	0
24670	0
24680	0
24690	0
24700	0
24710	0
24720	0
24730	0
24740	0
24750	0
24760	0
24770	0
24780	0
24790	0
24800	0
24810	0
24820	0
24830	0
24840	0
24850	0
24860	0
24870	0
24880	0
24890	0
24900	0
24910	0
24920	0
24930	0
24940	0
24950	0
24960	0
24970	0
24980	0
24990	0
25000	0
25010	0
25020	0
25030	0
25040	0
25050	0
25060	0
25070	0
25080	0
25090	0
25100	0
25110	0
25120	0
25130	0
25140	0
25150	0
25160	0
25170	0
25180	0
25190	0
25200	0
25210	0
25220	0
25230	0
25240	0
25250	0
25260	0
25270	0
25280	0
25290	0
25300	0
25310	0
25320	0
25330	0
25340	0
25350	0
25360	0
25370	0
25380	0
25390	0
25400	0
25410	0
25420	0
25430	0
25440	0
25450	0
25460	0
25470	0
25480	0
25490	0
25500	0
25510	0
25520	0
25530	0
25540	0
25550	0
25560	0
25570	0
25580	0
25590	0
25600	0
25610	0
25620	0
25630	0
25640	0
25650	0
25660	0
25670	0
25680	0
25690	0
25700	0
25710	0
25720	0
25730	0
25740	0
25750	0
25760	0
25770	0
25780	0
25790	0
25800	0
25810	0
25820	0
25830	0
25840	0
25850	0
25860	0
25870	0
25880	0
25890	0
25900	0
25910	0
25920	0
25930	0
25940	0
25950	0
25960	0
25970	0
25980	0
25990	0
26000	0
26010	0
26020	0
26030	0
26040	0
26050	0
26060	0
26070	0
26080	0
26090	0
26100	0
26110	0
26120	0
26130	0
26140	0
26150	0
26160	0
26170	0
26180	0
26190	0
26200	0
26210	0
26220	0
26230	0
26240	0
26250	0
26260	0
26270	0
26280	0
26290	0
26300	0
26310	0
26320	0
26330	0
26340	0
26350	0
26360	0
26370	0
26380	0
26390	0
26400	0
26410	0
26420	0
26430	0
26440	0
26450	0
26460	0
26470	0
26480	0
26490	0
26500	0
26510	0
26520	0
26530	0
26540	0
26550	0
26560	0
26570	0
26580	0
26590	0
26600	0
26610	0
26620	0
26630	0
26640	0
26650	0
26660	0
26670	0
26680	0
26690	0
26700	0
26710	0
26720	0
26730	0
26740	0
26750	0
26760	0
26770	0
26780	0
26790	0
26800	0
26810	0
26820	0
26830	0
26840	0
26850	0
26860	0
26870	0
26880	0
26890	0
26900	0
26910	0
26920	0
26930	0
26940	0
26950	0
26960	0
26970	0
26980	0
26990	0
27000	0
27010	0
27020	0
27030	0
27040	0
27050	0
27060	0
27070	0
27080	0
27090	0
27100	0
27110	0
27120	0
27130	0
27140	0
27150	0
27160	0
27170	0
27180	0
27190	0
27200	0
27210	0
27220	0
27230	0
27240	0
27250	0
27260	0
27270	0
27280	0
27290	0
27300	0
27310	0
27320	0
27330	0
27340	0
27350	0
27360	0
27370	0
27380	0
27390	0
27400	0
27410	0
27420	0
27430	0
27440	0
27450	0
27460	0
27470	0
27480	0
27490	0
27500	0
27510	0
27520	0
27530	0
27540	0
27550	0
27560	0
27570	0
27580	0
27590	0
27600	0
27610	0
27620	0
27630	0
27640	0
27650	0
27660	0
27670	0
27680	0
27690	0
27700	0
27710	0
27720	0
27730	0
27740	0
27750	0
27760	0
27770	0
27780	0
27790	0
27800	0
27810	0
27820	0
27830	0
27840	0
27850	0
27860	0
27870	0
27880	0
27890	0
27900	0
27910	0
27920	0
27930	0
27940	0
27950	0
27960	0
27970	0
27980	0
27990	0
28000	0
28010	0
28020	0
28030	0
28040	0
28050	0
28060	0
28070	0
28080	0
28090	0
28100	0
28110	0
28120	0
28130	0
28140	0
28150	0
28160	0
28170	0
28180	0
28190	0
28200	0
28210	0
28220	0
28230	0
28240	0
28250	0
28260	0
28270	0
28280	0
28290	0
28300	0
28310	0
28320	0
28330	0
28340	0
28350	0
28360	0
28370	0
28380	0
28390	0
28400	0
28410	0
28420	0
28430	0
28440	0
28450	0
28460	0
28470	0
28480	0
28490	0
28500	0
28510	0
28520	0
28530	0
28540	0
28550	0
28560	0
28570	0
28580	0
28590	0
28600	0
28610	0
28620	0
28630	0
28640	0
28650	0
28660	0
28670	0
28680	0
28690	0
28700	0
28710	0
28720	0
28730	0
28740	0
28750	0
28760	0
28770	0
28780	0
28790	0
28800	0
28810	0
28820	0
28830	0
28840	0
28850	0
28860	0
28870	0
28880	0
28890	0
28900	0
28910	0
28920	0
28930	0
28940	0
28950	0
28960	0
28970	0
28980	0
28990	0
29000	0
29010	0
29020	0
29030	0
29040	0
29050	0
29060	0
29070	0
29080	0
29090	0
29100	0
29110	0
29120	0
29130	0
29140	0
29150	0
29160	0
29170	0
29180	0
29190	0
29200	0
29210	0
29220	0
29230	0
29240	0
29250	0
29260	0
29270	0
29280	0
29290	0
29300	0
29310	0
29320	0
29330	0
29340	0
29350	0
29360	0
29370	0
29380	0
29390	0
29400	0
29410	0
29420	0
29430	0
29440	0
29450	0
29460	0
29470	0
29480	0
29490	0
29500	0
29510	0
29520	0
29530	0
29540	0
29550	0
29560	0
29570	0
29580	0
29590	0
29600	0
29610	0
29620	0
29630	0
29640	0
29650	0
29660	0
29670	0
29680	0
29690	0
29700	0
29710	0
29720	0
29730	0
29740	0
29750	0
29760	0
29770	0
29780	0
29790	0
29800	0
29810	0
29820	0
29830	0
29840	0
29850	0
29860	0
29870	0
29880	0
29890	0
29900	0
29910	0
29920	0
29930	0
29940	0
29950	0
29960	0
29970	0
29980	0
29990	0
30000	0
